21.9 grader


110000010011000000000100011111110111s
|P  |H  |C|c |H     |T             |P

22.0

110000010011000000000100100000001000s



0100011111110111
0123456789012345

71,9

0,5 + 0,25 + 0,125 + 0,0625 + 0,015625 + 0,0078125

21,9609375

10 10 1 0 1 0 1 01 0  1 01 01 0 1 0 1 0 1 0 1 0 10 1 0 1 01 01 01 01 01 01 01 0 10 10 10 10

01000001


23,1

1100 0001 00 110 0000000 010010010010000 1

23.4

178 189 425 416 422 421 417 200 427 410 194 190 432 408 432 408 434 406 435 405 437 221 403 439 221 402 441 224 400 182 180 443 398 446 395 447


101010

110000010011001110110100100110011000